261256
320522
362748
182145
268923
163812
290106
472480
427219
155254
432529
223195
3203
280499
379619
188145
255589
297522
315708
433214
334751
277359
353718
357896
464687
198342
85168
102362
473272
101447
153465
185070
23687
422935
335233
370106
38120
213213
397124
113962
93994
486859
445282
138857
93780
31613
29828
61652
470508
171870
136648
409757
17733
460720
253381
16085
221849
338207
412829
149811
300124
193195
303559
275345
96492
229246
7830
117638
152115
347890
98537
295248
76486
413434
264721
624
107324
365940
5504
129592
374155
186124
364916
390145
380965
420767
84858
434380
354448
35886
53586
234253
270721
350027
251582
271196
335244
279002
108552
425722
345965
139475
314488
97864
70159
49539
125855
85489
218068
44042
3634
354578
359847
5326
467209
337574
252577
94907
472906
232363
15659
996
410313
67289
104136
243394
272936
299555
421867
449946
80962
376115
495533
2837
239087
388950
416736
259835
239059
432848
437239
284174
306595
5798
437829
34391
455167
480835
492876
323792
385478
295909
85912
456555
461516
192283
495713
465267
330173
268764
49208
165891
303929
483857
271129
434937
479226
84945
61848
292177
455011
439868
128591
159327
177588
419274
206698
364035
207083
397386
435298
306400
135645
85756
465080
480800
484952
408528
247080
157019
4375
318016
354632
154162
20092
418893
1227
453481
284259
494067
70068
397817
185149
421763
289644
33348
130602
438037
191937
430418
219943
391302
404643
109486
180374
453989
193215
84767
332158
32105
368355
462411
102040
203446
427349
472132
450657
204736
171251
324367
103422
284758
41619
121273
279803
345963
263116
5740
241422
203324
470110
251463
409120
358868
73516
156401
411971
175609
487612
73880
258700
362922
102262
371206
446975
103140
13883
175937
85607
183074
386233
131707
336436
391163
349037
350904
218972
153762
430185
403295
173684
193646
113380
117347
108246
47110
404861
292494
246281
142896
430381
427613
450222
477710
233215
326663
160622
360722
20930
50418
4873
16086
278327
147036
360491
453525
199541
393704
411934
312801
225904
219923
151514
346540
129913
364665
411628
71788
153840
419844
22417
203338
240493
428162
195080
351229
478447
86422
135362
173850
95849
226165
279260
159596
298558
23844
63451
241632
526
304678
389590
212354
83654
393388
300306
94651
237065
286813
149826
432859
74572
234837
427544
200768
367917
247516
117949
385385
178986
334701
153159
497302
160785
273296
402581
293447
67056
149188
283816
129867
235582
178342
23630
279069
289700
64774
275795
356713
376785
196380
262532
107063
86005
43952
136037
70195
333728
211193
19922
228787
197157
313149
471002
180984
310002
62000
177849
233122
2785
97738
56327
65280
499641
242202
445999
216663
322384
499105
316682
449095
159485
305867
382681
45630
319517
121540
29781
102980
422487
198812
370955
371653
274078
313207
96630
455984
194952
325128
322279
266725
352046
294521
345519
268852
196
236728
247870
445604
15647
186800
445965
306211
22880
66129
66518
134258
404396
114911
322035
344448
439583
103946
418078
403970
23760
265694
310261
169638
363092
22274
452400
371927
471005
343594
288771
168714
17886
476699
226938
279695
301046
32266
213083
163555
359798
15902
161907
165162
162713
223552
499171
488967
222260
479395
2907
90903
142112
475452
88492
202108
406545
297192
343553
78105
102781
483945
269732
70652
21664
499501
307995
260971
434796
487740
34497
393879
410926
134081
847
467703
475431
275655
77853
434629
70178
115686
81961
150897
325654
202879
180811
233775
18702
337400
371454
312007
148365
478686
127930
351546
429837
6723
454167
358834
62283
325609
101277
443396
414585
450710
98304
202690
49235
477926
488949
396896
835
182708
325712
184108
451493
174975
50606
229195
256530
174848
163181
75937
490879
77611
271229
388267
6951
202229
382517
88200
479232
229327
230739
118536
328179
130926
308116
150419
237817
337634
494590
171186
228661
74904
184958
449932
267632
477867
220796
302654
399089
260396
231531
110207
320250
61573
20040
40537
201250
74573
424843
250141
495548
166634
35257
256138
280801
54640
482302
403484
366304
191590
69665
203861
419805
147811
137585
289269
44500
10292
431735
306492
346096
190253
136439
331401
93133
366770
45831
397607
218155
473681
136499
47578
141642
470457
108215
156626
41531
14098
180075
257226
273464
373338
286203
419911
456218
241058
490719
454563
436232
498240
285170
195514
110989
354334
252290
9265
428884
346262
411448
319698
184884
43834
62604
373064
124169
154211
369737
372160
308115
353173
84486
469313
134381
162136
335004
21043
364960
53392
104478
74221
340943
333837
236689
230907
386495
333666
123603
40478
336488
191710
380883
65087
53877
231073
493875
134498
30194
40865
147238
436324
26363
122096
257859
161466
136497
439083
354703
56883
52049
303127
198834
79397
249704
217879
106547
307478
195168
323670
488530
80453
210302
184883
120833
134964
30145
373929
415848
308270
104684
278759
134954
148190
108235
446557
484038
66510
254179
238315
207950
476569
66481
381154
227868
466644
141625
458856
494797
242197
73634
265033
100404
471651
87349
329717
208257
300606
194907
467277
50014
330590
481030
170911
294689
477844
327138
203500
148205
164473
193801
145682
176365
404412
119100
49553
76434
384884
288166
259840
276150
198235
184566
385646
252614
287800
179488
342727
244576
490669
279642
153876
212720
295147
313894
130514
197218
270736
377825
273245
429568
126773
23108
52590
175029
258321
183910
458010
206615
478437
359004
48343
284434
446831
103901
443960
460221
248581
72185
16728
406855
325364
15163
86446
343032
236049
456020
372849
343539
468640
166951
301662
481183
101241
19649
9944
334036
428969
469716
441157
243378
175360
57077
114101
419892
74001
436515
438667
409705
46455
74633
304050
15915
443647
465748
267353
366342
314721
185089
282374
459908
469027
320694
273114
398690
350607
308088
151701
355450
109654
192736
413348
300579
75531
405879
442645
377760
161386
408678
68345
7938
278744
220721
185331
447388
257381
35311
371656
290891
257287
113575
48814
117752
285201
413715
484038
152251
442070
436722
437792
481317
316273
27714
191918
437750
103122
392610
300093
226495
121600
320387
119863
274307
215344
197945
121464
142423
36166
79258
150296
226386
126036
132545
199998
449055
216210
84925
86453
12444
37357
499086
488954
109522
256563
395806
440801
16816
6269
257475
165919
385177
387810
315619
220332
252636
475025
154648
282970
138041
220007
285255
212673
394493
47953
269329
146093
423951
217310
85263
397286
326405
108292
84614
202833
490024
107166
284470
409146
131421
288563
382785
332075
478512
434327
318986
407795
35082
123128
152217
331008
491393
169927
482135
34779
200068
378357
303604
71362
393466
91952
95301
385938
172268
368253
191306
411453
451780
497822
162165
168529
436795
374346
230840
447576
412760
106067
117146
148504
436377
155798
256481
256497
273461
335009
400861
301216
461213
450071
197859
348683
265646
262437
99658
263795
80879
441079
330410
85130
488339
262149
439684
292943
13129
384592
372811
455738
65754
83244
46220
291076
299648
125078
447218
374190
157119
74985
281715
104680
251198
410759
131883
251112
497145
64830
13813
472835
147679
117651
21684
249741
214054
222236
416880
234380
357209
438623
262385
370338
157463
361612
137477
62765
380197
304465
455166
459817
341387
349519
209210
266763
225253
171711
279751
298651
455159
171902
363533
180187
228292
248881
52336
451573
486265
421354
35391
424964
235128
38240
177686
455953
425070
247567
285807
497206
323251
69931
351373
440871
187353
216720
332230
320379
421866
341664
125133
207017
233060
72941
100758
424238
387265
427365
333874
322820
352164
66362
264376
295382
164530
422658
253065
224138
425869
127925
83621
62078
24603
224190
289603
327844
353478
299012
424370
34779
192459
151307
417093
149646
177536
320768
233614
229716
27331
160253
139949
455862
143241
269157
306126
445201
109168
174919
202667
355841
66521
122697
392107
441548
219352
450843
290969
54440
245248
14744
478781
409249
485318
419024
28552
221663
272069
268113
457604
223746
209758
410920
9768
79346
159125
87912
272527
25703
8286
322268
391818
307079
498570
462331
412967
431701
456541
392379
384919
170152
366364
455739
320126
138029
194131
210593
476031
307785
292967
309922
45554
459390
110903
307319
14507
172420
244310
84656
24099
299951
497013
249754
413595
133386
116697
424739
384192
70524
186474
199886
86892
208429
59977
97670
117093
67225
479735
492610
253859
180877
133607
97064
45515
388457
189293
241798
322137
277573
118907
411585
260311
492036
214382
231815
360391
223925
157465
169989
37174
162535
37750
409875
395804
311784
265548
491212
338677
409912
258586
337450
485334
295895
249376
13512
178011
167341
176087
151981
61927
97475
269343
287502
234964
292793
163233
20425
230442
109299
413204
100626
259185
279997
14126
166054
463118
75814
437919
20406
373259
492395
227176
4204
72139
12606
331617
477249
292678
243291
217161
135592
293053
201991
387605
463792
53113
16957
327134
181429
321506
112729
380775
206685
443788
499834
78720
308637
274425
230046
115930
138393
190550
225021
480595
194251
447539
92542
464439
125531
357106
15960
280879
106605
279147
260679
206685
247939
215450
359482
27638
20993
329236
301836
496372
207519
114711
324277
82395
384617
312882
243095
333431
182132
20280
222877
432328
293472
130070
475890
383028
162044
311217
353947
106991
158463
230777
186968
407250
124555
272989
134948
2530
184289
167144
387978
253965
452037
484542
258474
335009
68678
35269
179615
40799
217737
178730
467242
472472
394808
425755
141301
474254
429261
154188
96491
481831
388722
439303
452984
123156
64225
262671
228302
291818
480928
167399
356751
213207
176883
470688
460469
186633
196326
213742
2241
210158
321773
150929
185207
497676
448637
133141
204126
191828
329276
11167
238254
274781
292932
270717
156751
151113
24120
333991
494930
182615
117710
374193
200539
238676
414448
423045
398887
479888
369897
11428
220910
482953
363009
401910
185567
451762
168043
447022
279900
65134
338255
295576
102867
164237
197456
3492
393509
448924
22536
491705
200900
476130
339552
104147
53817
311585
218435
262607
410388
90135
109263
429480
310759
290673
240504
170227
476042
18247
325032
379525
259889
133279
106644
217102
489580
110035
444965
3801
302821
87304
268241
484331
176617
193059
21113
21938
311172
310881
369429
256380
85000
200546
386280
229303
258167
348507
334727
2621
370502
460647
406583
428016
104419
186364
364675
242995
90835
192907
33919
108114
285175
300365
178220
416127
242523
108676
478352
2793
12370
418438
31055
101520
240679
69527
52553
361803
191752
57654
317551
49052
396254
195962
135731
415781
485323
480485
482060
470549
421833
167685
107882
259721
498412
392392
383411
35332
208970
170542
37476
159091
469101
40653
293573
475683
376191
43345
292530
245137
473605
440373
224159
45605
394289
479626
223485
406786
232103
162803
47595
319279
137546
359693
488072
175280
100389
292295
90446
94653
141933
96335
400733
87912
166911
120316
480682
449033
235392
115031
422169
220300
398387
381350
292266
368343
243043
37758
451416
284111
409197
200293
57732
90616
340418
36901
249032
214660
107315
191700
149502
384224
465649
255274
68292
49800
387695
257109
360626
420921
490890
35319
429809
438923
15983
88599
245888
14170
295520
336737
422445
361694
159227
236321
290367
398887
119032
87469
305871
396171
106438
230568
430812
371388
9561
67905
143088
63755
240572
435494
227938
197333
138494
288029
191097
89362
175888
207454
370780
93738
433188
204126
175536
173420
317315
80909
86563
144926
157374
441132
177086
44798
479065
416617
488012
296481
7128
409732
448441
384052
69170
235641
187526
449747
312667
195833
456963
323157
376069
404227
404940
190488
303066
280279
249440
300396
311171
424756
414631
258930
18991
220766
202664
208771
390078
350845
275808
355149
421750
148131
163226
71706
231000
490796
119832
241190
338317
128299
118856
401829
393457
239116
152206
275373
354498
376676
381699
133330
321837
235213
390466
408595
129173
96924
8370
320260
159710
262790
168287
267560
30413
156275
154322
303231
218690
456927
342763
417347
372631
334513
301112
264593
137554
243253
490012
199113
375157
336280
84518
40560
170787
146115
466369
498830
417867
239104
210256
378678
40465
420422
301861
366261
201956
383975
279486
297278
102607
442296
78982
273594
277718
19013
420871
122312
86232
119479
352555
469681
314346
292597
468296
476672
306952
59631
452333
220740
62222
389173
128558
407272
35449
97153
15223
284342
416168
19090
497346
311955
178713
493519
173289
189789
365831
103151
74745
432769
436735
275499
817
398460
111667
453493
18069
218990
425636
213551
294470
498655
475780
473796
405907
65276
487088
34290
238960
112769
385543
22865
212219
315210
179157
283530
207755
9188
466144
253672
376693
80554
239708
8296
154356
329498
140104
423133
269640
363584
132593
77647
359462
241219
158805
300697
85952
249613
485046
255583
220229
183931
490281
390435
79166
477448
256669
396865
104195
347233
168974
445487
406383
384256
428047
224351
425598
423422
2324
225837
13149
454049
369650
399683
52900
386494
170528
1805
188227
78475
363402
327798
429777
155747
41014
393204
455180
322725
99002
200128
478211
8891
21903
344244
288216
402481
227573
403732
64936
376178
408673
427413
69388
2941
346916
130424
319696
278669
202955
93234
106051
195206
2558
300696
161684
456055
330061
125739
366559
359974
181907
183811
142554
310243
493566
411125
28192
141912
453370
372440
104239
366793
268455
404530
408740
407502
199889
76496
41486
260769
197386
326135
73481
472503
495786
109277
154419
499232
406425
189537
308574
125437
297497
284810
355200
264186
421562
258635
259447
216781
408174
496820
181991
391672
221338
156244
477453
787
300328
231371
127268
478586
212598
38542
400816
289680
100691
231541
379531
41923
445017
78654
44436
467386
189049
233216
17914
163154
14282
89151
221467
360693
139250
445300
499130
6686
285392
431116
160965
211955
19479
199966
142564
69328
287319
408608
238260
234333
386242
415033
72851
316857
363018
382419
39458
450884
344262
344396
360145
221751
100950
254301
48147
100413
86527
37928
398137
210204
350316
163857
403744
8162
453148
177180
350957
137155
50905
303035
433592
63112
7387
303116
384658
455599
435034
308288
336835
230922
416369
246211
143502
139297
211437
12808
184297
149358
327479
369353
474608
441070
130789
353942
264719
123456
47919
322622
6455
40011
283618
306024
212303
413510
224260
53972
405094
249701
16756
373324
275209
97617
92481
404558
455731
14555
403173
281448
259516
380291
268180
345663
314910
305827
447575
193377
61477
126588
155149
102358
464860
290286
288561
254803
264923
207333
265847
401534
420511
300444
282404
92524
54341
196937
482547
129319
406370
458022
177532
198496
494208
497316
381230
462403
387847
58397
3332
74518
263527
31890
402527
83068
2195
379615
315695
493398
101312
141928
303048
290999
309060
349469
214612
212116
80367
128626
132691
341707
136185
476486
213246
314026
217071
412079
422053
265315
167449
115018
219185
126751
283277
301904
139182
297103
499167
11929
165584
379196
467268
483418
209075
11392
54779
234358
194012
493634
347194
363978
415619
167629
162982
179906
431248
463585
212446
336025
149344
257263
97114
202725
99815
447142
298765
300955
493538
310930
142595
201110
62068
247011
230810
344457
51154
262563
492433
304112
39164
460401
21015
101712
223924
159838
345796
228970
149614
406968
165447
393769
456395
495790
25692
436530
468767
435146
378535
3346
289591
273693
367553
339617
12209
252137
286714
301702
407478
1938
318997
490011
492492
99401
384127
407168
225932
226542
384052
451370
88406
397441
328863
313903
308136
324549
235116
409142
438562
42810
397483
470032
376603
443997
315230
305391
467419
304060
274056
111497
108852
352127
33279
43227
381121
262335
25565
482666
454898
439972
82653
458307
210862
383695
111207
410750
265859
473349
47893
343312
242681
162790
283609
90617
94978
68318
432349
367971
428150
491321
114248
494167
175631
15328
389903
372689
113386
161085
358942
499833
322002
128057
185853
51937
350362
318447
101647
285987
139367
234755
300756
402253
29360
219921
494168
14420
421821
487499
8661
244005
82200
492535
458374
475654
249560
87484
179907
295033
109854
409651
36751
107814
112933
440589
389038
34207
36290
399966
393457
450634
187563
475465
384574
66313
67536
50457
275318
126518
85124
53216
253092
7005
342783
389492
301773
43558
34872
17525
267078
203772
456430
363921
473176
57642
91764
355146
419247
187303
240496
367207
188189
313645
109885
136942
236037
210143
492067
420634
206266
89598
12243
365023
212758
105886
378760
448287
474176
301068
250328
60290
187588
310548
86335
199735
445924
372025
448571
153757
459319
267297
11876
482426
105323
19396
286517
131953
321753
408192
359725
146859
352420
233824
23607
436932
259205
5151
10811
418041
429660
252457
32434
374525
473616
249945
59413
46524
318632
284656
308749
162130
111043
319053
119886
259449
472113
97100
194301
5638
56659
338710
237676
63989
378618
75348
93349
152917
219784
90598
325213
457807
404294
59979
289048
21865
371055
75459
414265
93812
22999
323778
459248
275743
326738
172555
137070
131983
426309
496549
75050
358209
355901
340960
48436
217456
32851
114632
342944
126574
486498
78414
161243
300692
115544
413059
314107
406515
215181
109524
386746
154785
45667
364362
350687
212008
371360
15850
370401
17034
456738
7399
486692
284867
90873
274224
2248
423947
12176
381906
430763
302463
110446
206643
113099
222688
200125
142366
261531
111836
66809
52612
499401
203993
212406
145741
316130
257375
29651
198640
245198
116361
112027
447072
392575
51901
399564
103267
117211
152110
390214
183153
352001
72800
42398
246105
469215
409556
35082
224141
250922
431099
297277
61313
122698
232866
284726
446741
122245
155059
166971
169483
407769
293619
454394
169181
384411
217079
16121
220819
409814
274214
231043
433578
482288
378144
220389
55126
377768
331955
334789
218622
31630
418351
348065
473168
490283
24481
152658
100879
146825
138324
10452
107138
276159
92908
187636
65637
349397
20039
497735
287417
478696
7261
75592
42378
156172
294148
269720
278063
277162
491070
100915
430049
397670
259859
461179
413866
329117
250221
117753
251094
249010
160656
6710
240975
81683
225864
425281
321428
495072
378527
180429
317476
182058
220902
264935
66249
75464
293847
498264
105833
116838
226698
462480
296578
448534
399863
388111
70556
188651
416236
127639
131209
490009
236214
198216
97757
442544
237930
424349
295829
150851
99157
271125
266194
165534
168257
261099
409806
235138
201566
490777
343629
352852
394637
109164
41658
162298
323028
210049
62581
68726
279656
327827
488987
228909
454348
423558
101242
237618
167757
60696
289113
207206
76790
233811
154969
47247
65284
313802
353178
105814
22782
471145
310567
430287
368757
120773
158883
436957
174782
323634
70090
53870
404526
19181
94202
438551
94535
130697
345962
61233
138690
152266
50239
497533
381362
233777
193785
347582
195929
458684
424223
247346
126694
132722
216332
333720
378404
10122
132735
3969
419349
83725
370136
294384
102256
138767
77370
341380
365234
293688
284873
274824
216037
113018
491197
358890
302482
319481
419747
401210
468435
439823
354515
252251
5504
372827
138907
118143
387458
267916
79598
290128
492863
148799
9344
258957
183293
163921
55122
314634
309555
345874
167010
143904
370184
491018
114099
32868
285334
29715
226089
247329
156549
22503
312019
71254
177114
81469
117869
415164
18815
349136
21005
70763
214805
337362
174204
470793
226919
104842
293795
342356
187737
151743
410484
283474
204882
413835
415227
356230
317341
164890
452654
24893
101447
208981
232733
218825
378323
182534
439559
15870
200068
455527
474922
240720
155528
173172
148559
87489
129549
331074
483837
416925
338302
131083
170404
186668
310044
481250
488780
365705
448122
277755
341955
131838
474074
472572
263622
185428
121553
199694
342460
387456
366770
89017
153873
301941
212706
310232
413990
343568
340783
132542
24948
142490
354351
483718
163598
75496
159938
470639
78378
326364
445968
138756
266277
316547
95084
495175
231557
460217
358178
321523
484076
444402
403770
257551
112068
53395
403095
362975
12085
479412
410799
388482
478879
120946
289222
310220
50274
270324
343168
28659
44834
379658
122720
409354
257330
191535
197821
364745
409549
411752
257534
318462
196004
172725
167507
225706
497769
244197
43614
265483
309023
9537
330044
228281
267627
144411
352263
67490
453140
276327
443265
413501
318742
193709
164017
80768
102095
253106
499258
115589
37780
448021
392310
477943
30296
127476
156272
417273
498217
246937
112376
397879
60899
421851
135326
469863
274070
477014
488357
75334
463348
251830
492045
41978
64029
481861
85470
228705
226136
341751
94063
177019
241031
156351
49874
91272
253165
268313
163277
22781
118574
484589
233928
222807
55997
284148
438261
467863
161607
140999
454182
157969
51736
369358
420621
31156
56080
169364
141374
193236
16245
66480
157054
21485
401202
388649
271562
75553
254762
229892
114075
66403
467210
302335
440345
305003
396232
290685
315843
433966
79789
163841
118745
455821
77840
148140
329028
488076
411846
420387
101868
364284
98127
198237
375753
497207
192017
108097
199665
275084
36409
110413
499645
423418
467182
23523
302152
226232
445432
435003
307368
162043
167050
254132
110100
236256
366817
320654
337631
44627
120281
339333
435673
178616
432509
195506
368627
256837
336838
4910
491262
328709
359037
98999
120783
421621
68301
478391
366017
335262
53008
46093
231060
169262
245645
426384
481939
35225
19135
350039
217053
9038
4632
231311
15387
184772
125153
289658
293754
465392
267157
64313
499074
233911
235746
411409
402885
393164
407713
190096
452185
459191
478422
79928
377499
187471
219195
375187
128845
284557
356444
81912
493359
5468
484574
365070
412163
379082
181545
253014
172148
222846
155934
38737
7934
93800
30368
101585
384451
118618
305133
72338
41893
163163
69862
210246
143290
309863
248762
333094
477455
92386
228454
106804
64134
26912
430036
61255
258109
405418
204909
104661
455431
38318
168984
22089
449334
389741
495759
471805
135186
18905
131397
12258
272235
285063
371817
405410
63948
182293
14552
139745
361816
492869
130854
400372
448482
465126
472554
401382
203559
496013
324045
432059
237941
446537
364142
214576
150162
3375
76744
352913
75094
465286
434718
250762
380868
242500
367302
189233
305659
6515
312988
325788
25448
93359
123639
40792
152710
294153
82259
168979
495146
319700
407969
85138
36077
205056
313713
270632
374607
234519
430993
394187
13436
317776
293024
408308
33120
348125
178221
366127
284020
257574
355683
250233
31377
163911
209228
289334
276117
173929
215940
243765
352069
118372
332656
371180
390620
168416
352179
138643
315221
185522
109552
473889
369625
238080
468467
478341
270506
284493
494968
309784
2919
471368
124270
235626
307446
415153
376833
17969
174860
222293
12395
308725
477468
103243
24325
348785
372459
281102
7934
260479
324243
440668
77402
125867
316297
6168
377127
240289
487763
101149
257525
151816
303533
19015
20529
467846
169566
39815
128884
123317
105593
117542
323660
326894
112469
383048
161652
421773
384138
244450
398014
281250
249899
364508
268176
182729
184091
345549
3393
176112
491613
440646
53774
446316
481907
234696
244120
167023
147585
266041
154863
231126
151982
229654
222926
269642
112340
202432
403546
126172
421076
29691
9735
463937
358974
118141
391448
465874
402200
467920
347109
464326
285606
36801
139453
142001
48303
328231
317657
340245
44491
362170
343873
250496
165771
456793
147337
22772
292545
199803
90397
349732
248650
13725
427024
129115
340844
288518
489776
24574
363398
126271
369530
150311
345214
245605
231806
412791
118247
222687
200388
359875
61126
368844
43210
265872
365451
249705
287425
33530
141577
193417
400354
172589
430382
325493
275323
152354
475921
113076
232446
363339
440783
233085
291885
335486
470375
305038
306233
410208
292236
263092
118299
283058
303257
307221
200876
289391
423573
85871
235710
64516
456329
49612
342801
257932
427417
174664
117868
159180
485218
400204
268263
337818
291364
478946
212742
274280
433946
481141
218623
253638
113450
274686
38934
201482
357125
416511
65679
410962
103853
57206
336498
457656
33425
241939
353236
30554
464496
17065
229934
134729
11376
180498
435461
84845
436178
479801
16934
188749
353503
61579
290836
202247
295683
117674
424852
273905
354660
134577
323345
379233
115864
86642
355581
50965
31087
263493
71827
170579
448848
101480
35969
429282
296601
103552
448792
58263
299632
1401
74465
407628
23712
482145
74242
81440
251099
208028
14273
271823
71402
86892
383911
207755
397681
324715
356493
175463
394332
320446
394426
304920
164558
2637
474154
159722
275401
112767
19586
201631
195458
273388
224994
105968
167410
431218
203660
132878
443654
365526
73608
492308
326374
374665
188760
34075
392486
90635
179120
425349
73884
462758
462358
72393
134847
176732
287513
17246
179217
51654
147309
369630
42387
492993
40596
441842
48813
450078
406353
179264
22111
48791
323232
281756
110838
174183
461764
105849
309197
418833
279324
378676
484546
105349
332950
102060
327915
184515
18695
398245
307160
399252
444443
18242
329146
352420
257821
444035
314433
344513
93464
153762
404724
157143
101529
352292
173433
126877
58749
166842
202040
146124
328898
99365
287804
449498
324086
291045
11643
242450
310102
400133
81830
51517
95504
198880
358915
299538
21825
323104
51669
232497
209050
351364
220135
257483
370289
373248
85870
223907
119097
13700
286098
434925
5406
288812
234254
82742
5875
497601
431963
320206
53465
412822
362395
20400
107081
4848
278068
257778
492029
310198
210889
13268
379997
121109
55747
250559
498735
320726
372878
73248
370299
321955
279715
135910
38951
220853
295897
22667
426717
408016
495461
193754
338640
393267
26176
416717
445017
362639
147965
385702
205681
494024
252994
204493
220028
240865
38449
445958
433952
446095
209080
355707
157607
26946
439823
74589
358225
85166
2366
436865
210679
462479
233505
168040
482269
426526
238483
159051
176995
148945
338488
349559
124776
362239
315261
39318
213323
94914
444384
496668
261068
331363
430349
121663
72933
219691
354811
34889
333206
204334
454674
267716
209834
246007
259071
437089
348698
431720
92212
487455
47672
43993
226205
39864
466457
289522
364106
414858
458770
459583
493842
400408
467602
257047
459598
495814
30976
270451
152825
422037
445274
98996
271797
63576
54749
357605
217435
143013
171735
305718
403158
61289
204511
362572
55195
163350
13041
252696
248368
127926
390371
380791
383681
47138
473751
191334
422106
261929
274932
117103
406262
467500
359214
220468
133464
43520
348488
256704
90642
319799
176076
76181
205862
41497
249013
318314
325092
204587
277302
304056
25068
343299
104675
64093
424958
173875
493349
334398
140407
260197
325779
168672
148459
352400
15674
492288
229527
191982
472403
69898
318034
327160
348634
399827
404968
4101
22498
81917
124003
92843
184758
317880
422671
129223
340488
235932
350119
357582
361869
297469
379944
92889
404340
362008
275049
350956
240995
252605
177661
39478
214735
185829
371954
300707
463353
469701
415586
176791
74366
329865
20627
418986
272596
23224
139754
203459
203435
471089
463196
232909
450929
302210
394109
273832
358887
482623
30876
24890
171698
421408
215175
403426
212844
133611
34017
401967
420462
439911
256428
276012
419847
327760
469522
282340
227492
208527
127752
253748
359498
430154
197900
146464
369931
133428
89746
163319
423531
470073
103379
186814
394704
359068
476150
84069
9705
436801
238575
407403
278167
161972
421337
261418
484512
65210
396538
492010
292289
159176
400479
52433
420381
69486
240288
337437
78732
168100
49497
241539
23259
258834
284108
405726
49320
23006
493484
268114
460841
283539
267511
38979
7767
460279
411958
416826
274945
499411
205161
363562
280850
271650
476285
464268
5439
476587
478777
392266
450277
124500
13193
497023
359975
33464
243162
404309
18980
121043
449541
271504
454557
23047
431379
80842
252405
278370
108551
56557
113869
170465
118220
149115
159277
161483
425753
384892
281843
337184
17059
77508
39895
349006
395249
422984
338047
393595
421136
458005
185929
235680
183740
145475
310644
335467
203111
395179
497326
14870
41857
248622
377004
424728
315879
198996
230624
246828
244815
382680
482886
116746
397492
440589
76660
197559
125156
489547
322870
456862
405012
277837
200042
50344
222487
42713
469493
199140
171117
461788
117464
305720
228977
476441
350424
277738
27894
489972
411642
160779
387506
257556
92879
310553
351286
407087
18585
332341
234674
51280
79335
75754
42589
69855
225462
415722
341448
355380
485453
421193
481951
471591
70948
493979
316145
443973
305053
206265
290521
22583
428767
54398
453940
289602
83801
190757
196174
107718
123804
174355
112598
104790
219157
433788
291727
351265
186208
136784
260004
489697
43623
195859
352395
282871
337815
202192
184915
283350
131453
61040
237016
314120
181424
106122
191725
201506
403222
443224
408947
116653
336883
28969
219705
53650
399844
358423
172262
478318
244502
179278
121466
299006
192985
170758
22286
63863
282196
70701
417771
273122
30611
241253
140491
488146
373077
123270
462801
317640
16474
423050
158119
350137
215335
269659
110200
312872
371023
209555
47044
238955
54496
396106
63710
499236
163710
350428
405230
202478
58074
15695
454797
236553
448268
328969
215403
219714
79026
184206
362036
4064
95272
110665
32054
123090
163548
313938
472717
361011
103428
96333
202696
349812
73351
54293
124427
283044
51117
307602
232463
255155
63546
196119
352029
54501
70661
135112
59384
121938
39784
229748
99630
267141
480453
60905
146913
11443
359637
139656
27758
114898
476122
45965
291359
277395
139382
478551
129730
381606
161413
370735
454431
9302
400994
417470
174862
393684
259999
81287
73802
311760
336333
469737
209734
38924
245644
400699
150453
316590
32741
22938
266374
102054
107042
356367
447738
8628
299334
10760
371392
229379
472838
435540
225112
344554
48047
214215
475171
425662
427350
220575
353080
291927
235857
494508
137454
132982
353238
413678
134546
275429
313985
496428
227344
312184
163512
53693
223150
483092
492213
70526
480255
25280
76997
488962
351557
6643
129097
202546
258568
141764
125366
484525
435826
447514
186939
122790
352654
394438
322030
42448
379948
265933
121086
217000
118045
2476
339299
105225
103070
181675
211602
395851
328547
348110
79267
60650
228231
349963
49231
14722
184783
45975
397279
213071
92870
359920
65878
413583
359579
14390
477455
92145
169168
107826
464543
360323
29515
163693
427969
25162
139568
167642
25790
155451
392734
287467
253578
466464
379465
109293
384503
390061
411177
50615
332632
119631
289800
446542
384849
182595
393828
348206
227318
407096
136345
260296
68143
458304
462868
113754
155522
112821
193160
332714
251173
479215
270744
277706
8655
298043
372539
487449
392691
82066
98204
78856
281696
215542
212617
429896
360249
107493
279211
476503
277044
64556
333519
356803
174885
245831
341524
280366
380993
70938
36994
162468
148950
100997
131158
71948
304895
350097
62123
38863
18871
310045
177744
83450
282359
78727
6784
344367
283846
126198
280234
92265
52303
7386
51415
260848
270641
202330
462283
367345
472530
4223
82116
429154
469379
66907
202943
324120
479713
271466
164972
460552
193819
384620
14325
497207
198317
61646
94728
41128
133398
128312
184523
338592
207558
76847
121048
258059
245280
465482
24951
131195
342067
311195
425793
159296
256366
450971
338352
455046
375278
471094
387935
163824
65528
61954
443911
139421
354886
84843
242096
388320
418338
264475
69931
238746
392584
52419
148002
453545
166097
110472
457144
354979
131673
244855
49294
485048
88174
180093
438421
395809
59768
460249
439274
473304
217701
239135
55032
445973
428506
486046
212421
465134
27183
250097
453876
458978
87419
354125
101905
37941
137919
124081
195576
337271
442457
296290
59594
157667
463730
319955
461359
334882
206083
483083
381958
115527
418729
36296
325428
398300
241859
372245
487951
57016
177178
193349
416780
40062
442951
354769
51878
97620
207053
72604
125437
157346
101867
212551
43412
472895
496593
42584
18172
475735
139286
233269
420612
138502
383669
66355
423615
314528
417266
269278
251470
111221
269825
15461
290615
305478
459751
280069
421691
382864
358577
399260
343885
209536
492738
75855
394132
327494
178877
55967
188823
397930
115286
435901
35970
45960
232116
447078
36109
2672
422472
347379
461052
235132
126405
413029
188774
266880
118148
201684
417378
353569
467816
432
327194
367745
136074
256864
70220
173369
265219
329340
239766
185289
385830
40731
35412
150773
421179
59189
156527
409565
297067
415942
151636
240243
480818
330094
459598
175569
103460
157548
426462
213757
422496
165015
422573
189256
309733
497431
77535
494730
77107
449498
234116
445867
258831
70924
195629
256957
315680
338457
45379
423886
101947
438622
419871
246856
59978
482035
330772
347401
282454
17502
407486
290526
473152
45690
357599
249323
291965
72732
181865
496100
280169
90135
91723
373904
376305
416579
38818
456802
222207
290894
302943
130264
386280
429252
159810
374268
335369
483314
142085
169334
226926
69035
51711
369411
127455
394321
335783
412475
279795
227108
165250
50191
468597
65072
488855
109736
472061
274640
401267
7841
421253
345378
417449
473462
363674
276782
105063
232791
360032
170550
58745
135200
253904
450079
329213
278564
16286
404728
201217
205759
78466
64702
85813
180945
66909
242207
48689
120450
105582
467598
405948
4787
94331
328700
317411
36988
411092
62280
418951
53643
467682
1494
210504
375936
227735
334045
203357
249472
353739
310710
213856
470640
440184
390853
439914
423388
372178
286310
299373
362311
55564
300889
22050
17644
462035
387055
190500
47694
245242
202035
396820
298465
7639
58736
314490
56379
439283
120728
285482
482350
451900
465920
393143
313013
423854
288659
154706
490767
148961
258103
435088
63041
341338
457846
266267
464849
66389
359423
318911
483516
316005
202598
498906
492254
4335
472278
335917
109991
280138
386175
265715
364647
294669
92377
133291
8398
389890
7967
285238
428489
225289
281870
437719
368077
242343
318666
31530
462908
98680
35797
439382
136330
333532
124005
79708
34273
321712
330603
337617
255359
397881
324745
64290
384829
469177
407378
184963
82666
127618
426187
30831
243400
335953
162278
188364
493002
356508
63799
107467
429044
312232
78760
415201
409598
4280
138018
323039
163971
344179
343438
22450
340823
371447
218813
80160
209475
418426
142223
201171
96660
365790
421288
314274
479745
384439
33083
140841
255576
69973
401377
367492
166108
153090
442258
432221
272972
295449
408788
404458
72870
227143
456697
453691
70292
81839
493885
492439
57171
288035
66876
88472
440950
127941
110798
160362
8651
223737
312990
8840
239346
91105
303434
473856
280031
398499
495747
74462
420397
447339
438984
61927
121130
329590
23562
168252
212802
254958
167387
91630
734
388762
319884
341356
372880
127237
161008
167952
270894
125389
419219
13153
391188
108509
156976
195875
462778
206051
423389
497934
291770
219635
283960
495740
205822
293166
441541
241458
312726
11890
275822
186848
394434
214917
419120
343465
211899
473485
392079
205674
36400
216505
440478
339568
27038
152919
247465
318484
37271
147184
32834
35484
86369
136446
145119
79355
487607
24726
349572
120655
411856
433638
489406
42554
42722
238698
415141
333359
305681
172056
150165
475595
188726
287122
230504
174521
441972
339911
310523
395849
236003
418925
111159
320311
367706
289806
388355
240023
486113
250200
435030
497770
69321
173938
84327
381291
423792
417054
349780
349208
200773
223075
457067
122057
7610
27446
266481
12187
85313
400509
218265
157798
112830
9923
154782
93855
298200
154260
248849
98949
153430
482534
498786
213534
39652
69287
317005
106600
107297
344034
273886
394817
271560
180039
437836
49675
84092
6893
149239
46517
98339
187217
398748
461734
120592
70935
52161
106591
124942
188010
18663
422549
28088
387438
456918
110165
481129
487289
31621
240165
394993
12721
88058
6999
252249
53134
102962
46965
328725
428064
293132
6672
379753
488419
210327
98925
39695
154611
372190
356232
357424
93446
409759
334923
161291
301966
296075
424166
360488
58028
212489
4669
455371
64712
395107
115989
266885
122977
134883
82126
350953
370435
9829
255451
35070
83795
121496
446751
492402
469921
426096
350588
237275
329581
187672
302485
238597
40929
184638
21954
252783
116365
72086
487479
170846
327890
211595
74388
345609
266412
18588
61634
188099
412962
165776
117530
157779
317754
293573
277024
383199
303854
219961
277831
173020
176028
306016
171166
490087
331351
82196
459767
233255
99481
154703
55506
174213
180977
109562
17672
130290
476405
147716
190838
190830
24633
357672
281325
408350
102055
409407
172252
267879
120612
154045
245924
302564
2665
433917
382641
366308
345229
174642
146360
198552
92645
21701
453502
208232
86765
478283
489533
297141
473656
47303
238746
499898
156866
489480
468866
157862
144618
265290
300958
309742
178938
35843
457075
298046
466252
50095
57603
248640
306619
363236
288307
159948
67740
327819
154100
339961
396928
207286
376855
223892
414432
224656
467596
381842
328692
333948
401416
342533
165315
366834
382248
423209
60244
486474
149529
317360
452872
391679
199255
15603
248845
462001
52569
167934
125362
437767
307597
399689
292909
446591
434402
355563
17440
92859
329984
227245
6316
85665
440173
11375
319708
158147
137842
315619
90788
481135
63518
106230
422955
273471
234821
287787
341331
77826
114325
123680
421663
8251
277321
92461
337094
452243
423590
389486
177869
469950
112826
80214
282141
7706
379909
459154
297136
176523
11776
286685
186252
266305
346245
257724
385361
213286
496177
293598
378332
179600
249735
215964
113638
57443
162569
45689
256668
426461
309763
347122
479397
263627
394490
70424
61274
424844
146373
13509
204900
318168
340509
431577
168950
35092
3117
206988
148031
247939
378007
446293
477172
39058
110688
450789
239167
330787
456103
321633
336654
231838
313916
462322
133207
375326
284863
60440
369888
216180
253513
281711
14312
142738
317559
235131
273416
431997
78774
223628
266795
230652
108797
148291
250559
107660
164756
156960
497733
291486
439374
316000
76792
232688
9323
249766
419979
394573
398411
124476
383716
432132
135706
487704
167467
27505
422791
191700
464205
158878
479326
187111
377625
412922
190300
50219
115015
141758
146950
288532
131338
346730
194313
271814
489188
50414
228468
142832
368608
133794
33388
414544
440943
14311
479347
476578
260160
338776
419230
452496
168759
122245
99023
233366
331416
147699
119177
212215
497871
309017
27462
377957
361251
85025
100410
345201
6633
467123
184239
67097
322014
330201
127631
46203
467931
11812
4783
426620
66029
292702
335270
119475
427400
56393
232271
378359
365539
24561
327914
456893
107221
285296
144466
88787
419856
62450
266113
99728
208909
470323
293037
470477
288068
391804
410742
427897
131945
255370
432198
45756
3427
174553
151361
179608
252296
48428
305975
100789
330346
162198
45865
282630
454710
457081
203483
381088
96108
209648
186476
283270
141310
237319
228289
125168
499438
26897
324125
41519
331646
490661
242393
443663
101497
451137
447436
68933
125889
190434
216665
407653
292176
88805
138156
93678
383803
470218
369283
326503
306309
197727
389730
364249
305092
12502
15803
159507
349080
102552
391323
337533
458151
269056
372040
429268
412253
256164
402462
495800
399914
128463
321756
452238
406204
143572
316078
153671
323615
226886
431989
60916
208995
433364
106574
91776
389874
212390
250254
73994
408943
75571
211161
181428
230973
450969
357055
379517
98840
91808
32322
99545
56922
293468
215718
64699
185054
113656
457392
346426
483794
480455
273574
311660
97785
489712
232496
280066
246021
254507
243861
364793
38590
199702
313161
472957
167073
209581
251910
217486
488893
235363
463357
338167
38145
54256
355943
110872
329591
264067
174047
186536
390882
5222
166433
335459
100361
106849
344101
136054
464694
417947
389037
482298
254640
445623
259551
287004
144005
347269
112
457992
188262
396349
419124
11397
217557
405481
227303
328101
399165
3029
52888
356226
79539
67945
222252
148663
382996
8626
270522
63083
476189
421724
132998
168064
153852
144676
11056
159849
91889
370794
214902
413759
81140
133007
379455
404316
95952
282343
440348
491922
487486
305775
62456
253267
362649
36779
422683
396726
496222
494887
134085
273872
49502
196287
497322
31606
153189
75525
249611
54933
347254
337224
326806
392389
6402
407886
498844
50438
183429
209532
281847
260462
391979
431268
89984
336305
270242
105437
391964
314055
201523
309459
409558
10952
302139
144685
156047
111459
205849
438454
323433
42322
437854
478104
77318
459591
9224
208803
224813
230898
478140
302497
59483
323590
14116
296933
424972
150510
303867
93887
475503
4708
434051
316676
174464
110196
169579
180355
154674
309470
275208
117248
304559
496857
211251
340969
207208
386123
401734
226972
3224
98565
212863
111545
463276
492879
170925
252238
493640
52726
341701
398824
103224
247551
415033
405586
217184
140925
456403
204481
434687
163214
285735
276619
171195
383099
47705
341478
433183
119375
135931
417471
199514
430236
475836
34
399393
53319
415483
329889
152261
67473
119749
65064
420011
121102
333457
99020
34779
418782
362606
150277
269157
76733
234809
58609
407857
183640
450446
228846
399134
410034
206839
160741
31966
318823
367529
481470
47904
218057
195611
222590
387101
335110
275081
6431
67394
474378
442229
372234
325479
147522
401706
450794
1138
91905
342170
443540
482029
438369
148540
389662
49892
20069
408362
432646
129250
15176
426760
153677
112313
45496
291602
185651
397529
448700
269264
368842
361718
313029
238698
332212
11381
80965
274286
327010
296314
402557
53847
417971
452390
259180
273597
69946
213789
481847
92850
355334
483254
152669
39337
186636
451332
450290
428836
183127
387702
59613
8261
278311
441782
429830
249472
458742
88733
392857
162323
334123
309340
120829
144023
61697
425991
254941
84864
219774
427723
152433
123861
98134
139543
377236
276236
200124
90546
92293
489014
63845
361600
181893
153406
478664
358262
125104
62428
234168
173715
247838
86302
293596
243322
431321
466635
475132
127756
193395
7271
323245
208108
310020
62772
106144
23904
271539
434655
62574
190052
128376
36251
242057
341030
286123
171407
400118
390228
284825
228584
405076
81146
111024
108763
148712
209069
407625
348684
386756
277972
115085
266046
373736
119853
484943
128630
325642
286323
120082
96922
241689
308440
480332
8944
128975
324711
213641
355219
78307
287493
97263
323313
198722
10283
88781
206743
41685
321821
476041
226800
300619
396353
172006
77690
45111
12015
17832
202556
456299
279916
472657
117782
164915
221877
28118
93185
20296
188788
307980
158094
701
226290
37707
89034
260208
93371
323147
131552
69464
117156
403923
486579
323760
218149
125393
452400
32804
455518
407202
73404
303344
138011
174109
73590
402650
269421
175994
460708
57238
193683
482903
56729
362307
105317
340044
206412
212909
42236
218446
311893
408183
343273
465218
166491
79549
449131
31898
54387
223765
332313
197607
318605
61714
111548
123482
178900
125136
191489
82051
317640
380369
417248
247957
152401
78974
21593
188775
345871
242221
469504
210774
499207
321051
202263
494510
380679
116841
186848
486977
7969
34547
271672
30188
252742
24384
295673
224912
407121
355327
406161
495131
361878
359043
239191
368744
420771
309358
431137
256766
8016
232104
198260
3017
2130
72349
356673
387156
240951
228767
152454
210515
128566
471927
323314
178660
37790
156076
381851
174453
10246
235448
335906
203814
306029
24244
240557
136966
21823
71753
45432
376170
434321
46136
40034
229550
376545
450243
160349
100819
375994
49
280277
504
324467
428742
377306
462529
145146
3950
163765
177413
439007
251402
90653
394903
332520
327887
8319
381076
113197
107200
295341
466116
369618
279589
163641
215424
423893
55303
184662
336173
393078
32225
311034
184416
124659
467968
119347
254786
292545
403312
496305
278397
157209
114971
48731
177717
98104
350269
318421
62162
408772
422527
409932
410668
475170
133200
322545
92148
101765
466475
226452
413007
283313
497426
286737
494394
314612
249808
307277
338576
80470
387552
43841
258394
159264
244791
16690
382770
449743
419028
416494
209716
326807
148365
417956
250800
20716
202380
472980
48740
406906
10532
479867
119653
68729
61055
383590
204298
64220
327914
41419
102747
208999
61580
78698
473725
394555
139568
459187
378744
47485
356899
479327
278238
288615
294511
100373
300139
150573
220255
135909
252964
126092
102340
294525
310382
233136
221842
52769
103437
496314
464485
323854
493659
472869
19873
284339
420696
246513
468302
86673
421827
424137
280656
458842
208967
116128
458234
405344
374623
239278
219321
393835
144121
327679
209592
159764
388519
407661
31589
59272
99786
490963
295456
144391
188980
335680
461043
303175
5950
210715
285373
447881
93020
468206
219038
140877
383784
462848
28846
18674
166960
5852
132436
402747
138538
436158
423369
9109
122531
259812
233066
490100
295679
109927
125209
457015
161558
14766
479063
479021
282753
281451
8192
25367
276090
492077
137739
258426
73795
386248
151360
156484
219998
196868
123138
333192
293444
363645
251210
112053
207673
264502
297167
391867
457841
87872
309327
122110
362195
447386
251238
337331
290414
328460
358790
109752
462814
442897
108489
76844
32824
378671
478516
474110
217622
48654
128245
342893
288452
457424
228790
400069
165184
285180
387151
183432
462121
195027
472791
132410
101939
91118
108975
106982
243955
134505
417251
158696
122386
417789
478142
94099
333412
318633
46669
498400
408826
439255
247936
199837
200317
474246
407225
94117
252508
176107
299759
219238
185525
367418
469914
218919
283604
379618
193393
255130
300656
33930
119665
337913
490576
351504
201971
192623
192449
306198
267835
422906
116458
435486
389598
77783
52842
265572
361123
317074
130790
72482
168690
365359
490266
338478
490529
47781
131203
129006
35683
48142
483249
431651
155953
498679
69662
113901
282846
234444
44002
360398
272866
195699
291473
493671
330917
127141
381498
499077
375703
32944
33323
330400
399157
218748
157555
439283
128643
76485
18022
152390
311578
261924
226520
442318
170502
368721
366253
290587
155701
404037
135841
16713
441122
364890
170224
158099
450067
368666
363526
42870
348712
113332
348394
317129
241212
53449
323618
170469
173825
361773
475278
42420
256294
444669
241134
134450
478960
150478
147170
344293
313523
188485
118809
122140
112268
114023
304635
12157
10440
51267
115534
388578
298441
54566
496092
233575
174372
18134
205754
160015
431685
230921
209658
363205
345463
459439
370315
124314
126365
439772
1319
34843
125936
126934
299964
481273
198558
53314
34576
192257
42033
13639
157065
321535
395310
458424
112515
229461
462661
303434
122342
350188
159428
227727
70302
131999
417979
72169
137111
454077
45926
231895
107788
238327
487577
187016
303056
272036
49851
294563
192847
34430
101802
382635
441168
430723
498383
29590
468748
282290
74483
467548
451567
312002
234384
361287
205559
363746
486564
201157
76156
487416
441098
107274
88500
451718
75619
386949
371397
386539
167249
498610
117334
60653
348928
16909
299798
487250
51128
373044
447340
235431
397694
412899
472325
472297
292147
374100
44123
47959
63254
351070
83541
16685
427515
466307
324766
412963
339152
209680
378629
291598
448062
367850
372896
201979
339796
458632
200275
83941
444116
446072
202000
291410
207994
194951
223059
19997
402828
312829
163876
432546
124788
451233
204983
303307
297453
495469
141153
204393
428794
132893
150323
26098
305081
263399
152311
211217
106252
277462
115852
64782
187916
69757
210992
135027
166010
145188
491176
14246
187325
153960
336058
36772
51255
155545
431884
267813
10520
378827
471682
463854
198817
109939
433824
291649
499796
117956
478531
328766
240467
172053
14601
132859
7728
194914
348767
4615
326987
363327
400014
36872
146006
308347
163599
120936
264115
422314
18949
478558
413038
386622
101044
298394
147439
8718
203274
245224
134212
475152
102839
246199
12655
68671
407356
90084
377100
198581
306274
63472
221519
170594
359210
179034
99616
170513
341866
145400
477778
439601
45650
368527
415778
497101
9638
23364
76840
452710
307262
79777
190000
330802
201377
417748
47891
150731
19645
135368
139102
155630
101396
175447
78934
145179
411100
334027
421143
236699
40079
241181
114488
276296
39175
325582
5489
78834
144302
374468
197199
494398
21363
16741
153851
36627
227708
300573
332923
21281
298428
452406
53745
122457
329205
477290
328768
290563
314497
233963
263047
397561
254722
433288
484944
330018
84114
40066
315104
311300
105345
212050
378570
378492
159828
52985
264296
148740
255599
57490
254818
371953
396633
122841
447847
93027
122009
326034
289826
330577
23005
336509
457494
22728
389875
159649
452372
20938
352707
199038
199752
290667
403056
284134
13213
341622
473189
430950
331068
100626
354714
36251
404773
249598
361529
75147
437254
353620
138225
116126
470325
490341
154886
257874
340240
308191
175647
457707
206974
159762
447695
45494
138359
207763
495455
418874
61596
490815
253473
467998
14027
192709
488107
426184
254415
28123
8841
220117
148065
183421
369819
405974
398019
86314
91276
284652
199645
325016
268877
146486
160545
498234
33258
354944
474224
414590
266687
112665
382374
13536
484046
417010
138881
251365
101469
282335
427746
66248
245551
11037
153573
464008
266553
434393
184353
79101
255104
112722
385040
487434
222466
155618
178019
212612
153896
403747
5990
391910
329908
303286
432329
246431
348076
137901
120777
45453
215508
196226
462989
289234
300828
56059
289409
43896
487348
195393
127194
203446
192955
132204
264441
152580
184751
130585
314433
447161
303817
26900
451314
427582
209472
6701
355780
435224
156077
76881
374047
305410
361197
305589
130604
84035
326053
485053
10353
271743
327255
390838
388170
414344
287958
434468
237172
51977
194054
338041
60506
407830
239916
270329
227193
68858
3938
264616
18874
227862
31052
37116
309520
351958
488012
429282
309266
376314
30876
196846
50976
422645
59315
316848
224480
344225
41161
318530
438522
17534
192155
212128
357686
362054
211990
70252
292730
149907
390917
62204
77330
123021
58782
208327
99915
419458
85898
344108
288748
430653
373568
204806
216046
484192
53705
101442
253495
360153
410626
129695
127597
154364
349804
261374
321437
333636
456224
346522
24307
347250
55816
108313
162834
253299
334448
82620
15379
325916
499382
190049
342847
20046
185881
70474
433697
185360
433253
289600
390312
286103
343465
329386
498564
499116
385313
171814
298085
284740
353423
69251
495240
30334
136978
110054
357453
45502
88
499098
110840
344851
146333
27130
91629
81756
25625
13604
41047
440478
367624
484017
370049
107891
424575
438199
73815
267185
428883
87499
429872
225044
152700
205239
417854
412853
432094
481313
186579
48787
238911
483713
435392
155896
499616
377123
32531
118240
256382
119089
467012
150712
118970
16894
277948
168871
490337
4434
23387
100989
260889
440037
447829
340798
5978
262055
407128
378668
179782
55862
482651
146174
88437
475873
125326
430997
404165
23480
483103
84841
407919
56514
100145
8474
305643
342345
166623
265933
480740
142187
1908
417419
434574
375538
337849
66006
303064
129561
383958
5395
304771
363788
391890
426905
35817
454169
138231
24540
111033
491272
87582
486310
405130
452028
295697
37278
229804
483453
262242
24112
329170
427013
285521
442259
381141
50174
22443
74184
254197
223525
181818
300281
222873
55489
304066
6987
481551
312018
202665
274619
70859
422361
168206
279875
57049
479063
344278
38172
314696
422498
435810
27807
349185
176015
62510
123712
267147
98817
378160
486074
349703
410147
241236
439846
482942
135778
224246
155780
451379
76851
58119
304154
397670
499353
164020
380382
251437
313972
241199
465939
369057
411636
448688
243244
306195
261417
217611
44836
477431
285735
173965
290411
371244
442242
482258
120236
125379
94659
89879
53690
464460
263607
211794
431550
135099
88137
426111
393137
437195
1119
36091
350186
495982
477943
470961
68406
210281
114330
232743
123845
41410
178238
195278
374491
118272
391948
394501
370946
251365
81596
432779
266495
365340
222871
91744
70026
58307
197251
465913
121511
53112
198839
314066
487008
35613
340436
192531
78397
336390
96063
465724
216137
215320
301639
142731
40734
80277
359940
453872
132821
95380
193347
309213
385611
430787
411519
271737
350572
300843
400908
433340
391191
215532
247999
473883
391479
182705
284379
161800
483338
18945
371144
433639
140001
181070
69247
60908
258738
364161
226700
223220
11777
484660
4000
441427
124242
352345
434338
284834
236910
362191
387230
137964
280308
135
391572
469799
298079
129620
293264
113985
163591
324182
184643
194876
51170
194552
380459
343212
337968
2823
158771
314472
136035
128825
140879
480674
39415
418295
349632
292800
333695
355075
56001
385942
66407
41026
399345
46340
434706
26864
274090
408015
478986
407553
295348
316761
379050
375087
283375
264524
164235
268270
474995
231833
378620
65066
465257
109817
37018
359316
81184
255509
410617
95734
129640
414656
200837
124547
443055
149701
226024
102445
462621
14882
382123
277272
474078
185307
17188
433927
63669
129789
337980
242037
310484
333998
78822
478073
49204
193540
118552
389628
96433
231914
399031
60997
113825
34852
3048
223700
90899
318832
199601
380987
29252
390208
419207
263515
108065
148110
425193
146917
144421
82247
200584
204272
23848
484754
203408
461822
33658
330016
495753
368082
37314
80596
454242
241521
299069
262315
420996
16840
207648
145339
389799
17468
441700
239684
389823
331297
305628
57545
453143
349734
132087
248950
287858
481081
332073
70363
386739
284059
19638
180217
331084
141620
264653
407501
419199
152025
473034
268383
226220
351041
475160
142835
262379
178371
446441
108005
298550
356545
441602
339249
268836
170443
273518
420287
309137
470098
363471
191794
42056
146496
256101
488786
345321
282665
179759
83551
467309
425089
67398
336278
468313
171241
322409
164082
275706
194293
248044
10709
70277
339923
450622
27323
116038
422933
276048
495715
434348
472167
36594
12499
339786
217051
24373
75506
80938
302927
126379
415135
179160
464163
478598
28845
25371
252029
19950
474365
110134
342507
189844
51717
23519
162801
255076
326957
115360
297797
458186
151788
174907
452037
191894
6372
217062
190385
10281
56507
363915
265773
346610
212241
77219
472632
286897
58824
286961
430092
391726
248236
251439
432255
324755
86835
105759
265722
175588
280499
380301
157341
240265
321072
244541
32172
261594
325302
278749
50302
286785
173167
47025
395600
154181
410603
55079
43740
474439
256929
21005
329016
347472
470695
486663
463096
326363
98018
118563
243488
143286
333507
65713
259039
56057
210264
306466
89655
187693
368957
231121
389302
62048
175972
413084
56124
458802
199357
227406
6213
71666
216660
449819
280079
220908
367558
167475
173670
235635
359053
189190
262874
139584
492402
326550
168967
469358
228910
185903
385936
438833
217431
186833
472338
154794
473375
212308
195447
82634
455088
247998
471473
222946
177700
161018
367232
79158
221483
167158
87309
210969
120669
105668
162431
250829
432776
124580
465242
36882
434380
323831
126942
260078
284632
245961
107957
127869
135623
80742
76660
219346
118846
63705
226262
118590
142197
200347
231522
494783
144525
461742
43039
159835
289071
426773
144561
359632
191597
45783
67078
43059
463080
341425
203939
202058
313468
496160
283495
446635
131185
373700
360266
28779
45971
123894
73544
192248
493864
154339
118620
429078
455985
439600
459769
228959
118917
84104
493146
149958
39001
325933
286166
39350
402819
455919
41013
448134
289636
16346
32021
320931
246120
97379
413052
94535
285626
118826
297402
415143
282021
460955
138391
29034
485381
215880
205594
235707
381284
363590
63643
95570
245626
493375
117497
392808
256430
370264
140889
58640
87943
130323
27824
47596
303208
497825
278919
245434
255313
396813
106051
64040
213658
490475
276769
357937
161372
405358
448172
113943
400092
462198
319211
76526
88061
20180
221972
410219
393996
220152
363659
311859
84276
183474
68132
291370
21431
315571
37922
185856
391078
204594
32455
199488
39701
69628
382
103983
20034
469618
471207
85980
98526
173815
286318
10682
168137
267647
266038
446045
186795
206322
287603
325678
369716
171923
26051
153602
353438
462441
16640
349239
272223
350979
427337
152367
430792
49181
236577
98994
231045
65817
332551
371099
382694
448842
112153
422654
448054
303331
454423
72752
397860
70324
160842
301256
248768
305464
160769
423395
218406
447930
140348
236320
73112
396002
312524
438379
258179
474834
490652
332841
319129
422512
74370
430844
253682
188464
408151
186917
166824
109031
411616
448669
186356
119747
354223
292127
435387
143314
425377
8966
303760
216616
155405
403370
418518
475134
262826
348879
390405
11300
272716
371803
161299
410708
91012
183230
308259
150021
41397
480105
332547
203993
300177
31270
4181
21128
204144
153389
417573
473663
249243
268046
470098
37854
181536
131313
499007
203093
88625
5086
57082
470949
352806
348264
182310
402980
414779
66905
63381
381920
204748
190861
209743
87754
392347
217173
7268
293087
469393
359921
467459
219925
154770
322579
17120
342458
95307
369713
184181
92927
284142
223670
343740
50946
294365
113251
473757
319557
426372
70269
330872
7103
94785
440032
30434
92084
69889
221468
75966
370048
85682
463887
123851
265933
14439
84513
155194
488411
335436
119627
27369
44125
333724
125738
449333
437200
283441
290941
20737
141095
237642
207791
312247
183048
335994
117725
353909
142044
358433
379462
130471
70251
345688
445724
274465
124517
115472
275615
455552
169150
258344
115158
29572
296155
328123
111285
428732
395798
425008
98376
354162
239645
91087
112969
69094
239436
257798
326338
147261
97858
43816
61328
473211
338540
448553
159340
46808
233876
47510
85836
406126
479232
466744
490297
168146
1580
139244
247464
222632
358622
482839
203298
498432
49262
423036
349660
62696
317734
66654
71600
33857
413045
147621
209590
332488
222809
22295
3252
422740
100625
402590
76289
43364
429005
75056
396899
174422
114132
301129
249165
456523
325098
301430
495196
65466
477414
116740
221875
355344
186505
124421
1188
38176
87361
96824
46408
399242
209459
175491
115216
279784
487579
93561
138725
287643
110192
354003
469873
169951
135949
23903
13759
380515
441671
183769
82101
326031
73669
209392
218178
14760
250444
473495
97488
223727
290646
450669
222912
489109
84542
180889
672
154877
236576
233482
182843
208162
99508
344154
125344
164286
84265
453073
191403
485716
166993
187569
238535
351472
487317
77445
429654
456124
104595
372162
107692
288051
389878
35809
163003
472198
443179
25976
397006
222877
247965
272036
347816
10011
83221
340128
460478
330078
34408
21834
258951
465814
181694
292776
273954
103598
164244
114231
200826
88588
158914
225925
449905
369445
417605
141075
308377
287926
264348
147607
256389
447201
29731
300988
106082
143046
232654
378327
133352
51067
66405
71270
450913
47963
345166
417572
353231
454547
258990
338289
470454
273666
369810
467071
170329
47233
153628
46571
201435
413875
479236
405764
364484
265129
191148
87127
395170
181669
210519
427612
142924
229927
15189
132891
126553
80725
366651
415087
227195
61220
156268
432368
32965
462656
383534
140263
388240
480891
494625
139883
465670
227612
379304
379019
465972
70474
33097
113575
137999
438575
118945
471409
440618
137049
329211
181116
414037
32914
235127
148314
365090
102833
71502
289590
340064
48626
305641
159365
300827
409639
311939
76127
141253
152516
247366
455202
203276
223240
447075
28244
273957
424696
53339
53122
224740
419535
394704
221735
190260
191590
5726
56494
485113
74189
421306
119663
273676
244019
117647
271348
476670
369329
4718
433559
115469
114175
159598
55542
132194
87805
289127
121107
427494
293756
403307
203807
343218
70847
417598
156463
622
114549
450873
358030
471449
492273
279317
454038
484848
410344
324702
269203
67505
113485
250369
442848
13413
219261
80984
171883
26622
284004
327970
467969
70903
459294
258927
329476
193884
466773
129082
6390
309171
333767
56493
138732
436522
404087
140897
72804
257501
209017
272663
239181
101018
228408
239628
296001
375667
339159
110954
390033
102136
392998
58516
30609
358038
494548
234913
119973
311908
461534
103041
111315
55922
454649
495923
298227
291242
274605
26738
247836
387819
440292
468054
235611
381411
438869
175618
179582
375522
206698
34339
343544
60748
337214
323539
391050
305565
309571
353163
328530
21788
413691
255138
163071
433206
357221
89478
392896
357170
4997
150492
397937
74415
273862
82372
352326
444550
57913
354536
291378
490623
215006
479794
282829
116871
489642
251942
177104
468822
259778
23857
2001
380803
86066
339088
387977
1326
440011
36464
228979
416265
62839
306608
475330
96006
337416
279422
459364
227728
266243
106312
426877
87355
128302
96388
57186
495534
25517
400717
137827
443686
100573
210260
30394
273069
499424
454686
178865
58637
201955
5211
71780
285174
160933
230563
384274
356901
342601
428906
447238
439248
110530
469610
367162
255428
309343
431475
492801
429074
222529
77951
155359
43023
168007
12797
477871
159073
12540
264460
334065
398860
247761
375821
65209
162626
306527
119179
254051
253201
482614
73385
5951
375415
461452
390645
127948
29133
414669
348724
328575
71165
40185
195096
162917
6799
493180
332381
152321
145465
107788
272650
14358
373819
423889
345500
329652
40042
325646
382147
465160
106166
175831
172385
180866
208963
143680
188222
148692
128267
292581
240589
44999
125938
319512
306497
189351
56482
262537
382249
283771
282600
278132
119691
158498
24183
312149
297907
81483
438429
491407
474616
344940
392611
172687
111540
16564
122166
215821
355819
322920
303630
497317
412088
10478
486882
301303
345664
275836
75350
306092
243622
426437
132025
71532
128574
331857
491354
66059
333326
333434
484813
206361
327891
35719
446547
176059
469261
107720
131352
465263
32763
357251
115298
287087
417651
192469
376613
252462
413765
334931
93009
298069
460841
402338
380469
209076
445226
302784
53876
450777
240302
284164
111553
326153
262377
144714
113150
468416
75348
444814
497012
430646
182183
186528
23202
312912
177942
163310
131425
276125
75062
13002
102817
117660
148281
303197
412964
381066
152393
397814
220998
259907
319435
177160
379801
243233
472266
403489
74487
227676
187125
96838
321828
497344
85211
364942
163379
450539
173706
305078
233617
186672
440987
2854
11731
26807
299752
35293
91307
386112
174560
468299
353450
95905
393190
332399
213977
197882
447414
23100
16727
427017
457124
43586
98270
251729
351179
174893
334114
396262
384267
192372
246645
310900
391185
326201
421987
400854
414248
341496
148222
241548
210458
232660
188815
466925
64070
19724
191868
461160
78354
417645
437984
425353
27556
407679
454434
380707
279844
124641
356042
181386
4697
313928
229176
241050
442862
245390
432579
34920
308915
264485
193960
374172
150127
115365
455510
274165
372797
387004
448796
312369
97323
410007
110540
431913
191639
407519
28789
51603
484588
317044
238174
27721
187640
364808
44958
120297
255078
359341
134062
110141
292881
207625
238455
109412
91117
131242
431158
119015
40414
249912
243442
152875
201201
84486
50451
21072
261850
139953
312729
302714
152186
424907
82455
226320
359267
26341
176111
4145
137027
416798
430249
224726
320771
202070
304086
89618
142030
41945
417910
497376
16318
461663
152345
460517
321655
434204
410676
452672
146437
351938
151057
231038
469339
152587
263491
173096
489406
496493
166902
405308
231985
297713
202610
42314
377209
480915
385142
13307
176741
192181
23093
293783
493418
228055
18904
487123
438236
151510
330194
233421
139644
315447
100779
341137
245301
186638
250008
23093
96010
285606
113784
272828
76653
232360
334755
97285
390989
109643
342138
84350
219859
390686
5988
82502
107078
485179
69273
19003
222594
247735
318459
441479
305026
457202
257330
139589
152237
207608
347238
384922
199765
182748
316386
383973
238478
30059
371528
155632
277573
117157
68216
409149
291970
353827
346105
27141
424887
123434
62347
447247
398841
387558
78097
357328
301867
223461
251978
347450
261957
298684
74815
184174
437651
115241
83925
471913
110274
358049
44074
431062
177029
436832
495008
477083
384796
319390
72817
7758
490576
78536
10034
127779
161392
121412
135424
284309
368357
388254
129754
170899
435134
420667
446633
447951
212083
294556
151519
138105
86467
88247
71194
133276
482593
138567
481371
295598
496609
259190
391321
236017
56893
6884
157286
321972
222405
495867
10942
496592
43217
376004
67392
389308
433055
377148
488655
310133
414037
443929
59523
59023
236660
332917
67044
58310
304508
341178
435919
332718
463239
264902
376550
75022
185565
322800
241778
253199
5720
456512
380090
245720
204987
85682
137389
496862
443905
272238
395130
229108
433374
231305
129616
243818
85452
143879
17536
34988
256089
495921
110961
134556
60887
236259
54027
40725
12680
16466
168002
464908
79474
247032
475716
269393
45508
225263
52310
359392
47978
325233
46742
319773
414226
263560
152587
88644
97968
130875
484157
498874
16082
278113
448313
366767
21085
270825
496222
346597
21466
187399
363702
153866
103955
423435
491709
129693
79308
271330
235285
316100
399845
161989
358470
478193
19299
11165
386556
486243
472492
182509
54861
205522
184366
95181
309879
141326
60571
37876
190626
247835
235157
157546
48886
17105
364747
215291
124609
271224
334606
382367
399032
331332
319082
451034
431734
159327
254833
235670
124191
349144
212804
338535
198233
399879
423902
496375
444801
90863
395060
170703
298044
234854
429372
465025
485379
489680
332182
120009
180311
429116
164680
416439
348325
238356
453230
60573
85093
336680
170720
99024
105335
149858
470650
225087
255788
416137
477796
241452
247714
45579
407840
33193
256104
420853
225881
9524
315493
390654
462859
181296
262941
397332
493209
296602
362845
498355
293580
3158
342711
17301
365183
99410
237599
118278
217840
468479
229590
152159
468940
292877
115644
331418
82687
99435
110959
197184
430830
345991
460509
20577
132687
256448
13069
446986
421743
262474
485622
20222
429620
344833
409854
279306
493073
314425
143242
196952
235285
57396
272209
417050
67767
456008
39962
53428
78440
148450
12374
392221
201934
471292
475754
274354
301995
160609
310608
316829
470062
316611
182126
111716
470335
18616
154430
435684
5715
63118
448251
121082
381208
184002
356712
15475
217108
33599
21628
363719
1897
75240
328896
143121
1576
404139
328578
191423
289363
417
491682
429780
384901
348834
137068
310661
47784
63312
37933
87895
170982
198053
337350
356934
414084
364634
101338
248125
421265
169721
96416
111821
336983
40943
492333
247355
463808
259490
12507
458284
112600
199046
475897
247265
381805
450925
216583
60881
447522
152199
330473
244108
310734
455479
269558
224375
54467
460364
3829
188840
424221
328861
253483
22058
197068
253876
223074
265347
197705
46703
315748
143741
140274
136748
481533
2979
182197
472353
195902
60544
397366
359142
132732
167472
356802
391709
273180
155967
269467
492583
97334
119193
229270
220349
455087
383085
26354
333335
118722
202986
476824
16248
53807
334653
32556
353074
401411
225012
285720
307671
181667
453212
460724
428228
408484
113391
41627
15360
236328
206777
169062
150368
95155
349817
220129
243221
19460
46745
328928
439068
162500
173137
476011
73249
337756
141846
2305
448541
450238
162280
32728
195218
424908
24178
173996
386272
130612
478143
449790
316963
94409
411458
287100
237010
314268
319244
30610
436584
440672
463865
154325
432966
318680
355709
67594
386012
3511
17893
423416
282278
101228
41909
391114
300104
119812
159391
155707
161383
472390
98919
224369
145281
130420
191942
211735
30110
456917
277575
465944
454467
415327
316225
13783
130439
451028
244624
209184
118999
211048
276768
187310
247921
364149
292517
489621
246336
253480
100239
152542
279692
372999
120675
98777
74891
377210
460967
315
462688
102275
383775
253376
52662
442771
347853
298951
262688
448485
473361
366541
406243
62307
272094
434009
247438
334923
400470
202201
438372
241671
217907
471362
220749
50639
163168
12417
411642
898
491088
265659
261877
286537
79914
324935
254119
245381
101356
159447
286829
421840
119992
107794
355532
29830
8172
261200
412080
447856
413742
422505
434668
338568
346485
285605
245087
71652
225022
273700
162336
456339
131302
20882
1393
255092
471491
462360
407102
490878
188389
242821
327801
153876
89571
374306
402657
185
384800
156114
347887
150506
297655
104976
388004
268329
278587
172427
162275
179252
427883
389601
142120
463870
467645
100814
163991
